0 0000000001
1 0000010001
0 0000010001
1 1111000001
0 1111000001
1 0000011111
0 0000011111
1 1111001111
0 1111001111
1 1111111111
0 1111111111
1 1111111111
0 1111111111
1 1111111111
0 1111111111
1 1111111111
0 1111111111
1 1111111111
0 1111111111
1 1111111111
0 1111111111
1 1111111111
0 1111111111
1 1111111111
0 1111111111
1 1111111111
0 1111111111
1 1111111111
0 1111111111
1 1111111111
0 1111111111
1 1111111111
0 1111111111
1 1111111111
0 1111111111
1 1111111111
0 1111111111
1 1111111111
0 1111111111
1 1111111111
0 1111111111
1 1111111111
0 1111111111
1 1111111111
0 1111111111
1 1111111111
0 1111111111
1 1111111111
0 1111111111
1 1111111111
0 1111111111
1 1111111111
0 1111111111
1 1111111111
0 1111111111
1 1111111111
0 1111111111
1 1111111111
0 1111111111
1 1111111111
0 1111111111
1 1111111111
0 1111111111
1 1111111111
0 1111111111
1 1111111111
0 1111111111
1 1111111111
0 1111111111
1 1111111111
0 1111111111
1 1111111111
0 1111111111
0 1111111111
